Desert
[445.0, 445.0, 445.0, 445.0, 445.0, 445.0, 445.0, 445.0, 445.0, 445.0, 445.0, 445.0, 445.0, 445.0, 445.0, 445.0, 445.0, 445.0, 445.0, 445.0, 445.0, 445.0, 445.0, 445.0, 445.0, 445.0, 445.0, 445.0, 445.0, 445.0, 445.0, 445.0, 445.0, 445.0, 445.0, 445.0, 445.0, 445.0, 445.0, 445.0, 445.0, 445.0, 445.0, 445.0, 445.0, 445.0, 445.0, 445.0, 445.0, 445.0, 445.0, 445.0, 445.0, 445.0, 445.0, 445.0, 445.0, 445.0, 445.0, 445.0, 445.0, 445.0, 445.0, 445.0, 445.0, 445.0, 445.0, 445.0, 445.0, 445.0, 445.0, 445.0, 445.0, 445.0, 445.0, 445.0, 445.0, 445.0, 445.0, 445.0, 445.0, 445.0, 445.0, 445.0, 445.0, 445.0, 445.0, 445.0, 445.0, 445.0, 445.0, 445.0, 445.0, 445.0, 445.0, 445.0, 445.0, 445.0, 445.0, 445.0, 445.0, 445.0, 445.0, 445.0, 445.0, 445.0, 445.0, 445.0, 445.0, 445.0, 445.0, 445.0, 445.0, 445.0, 445.0, 445.0, 445.0, 445.0, 445.0, 445.0, 445.0, 445.0, 445.0, 445.0, 445.0, 445.0, 445.0, 445.0, 445.0, 445.0, 445.0, 445.0, 445.0, 445.0, 445.0, 445.0, 445.0, 445.0, 445.0, 445.0, 445.0, 445.0, 445.0, 445.0, 445.0, 445.0, 445.0, 445.0, 445.0, 445.0, 445.0, 445.0, 445.0, 445.0, 445.0, 445.0, 445.0, 445.0, 445.0, 445.0, 445.0, 445.0, 445.0, 445.0, 445.0, 445.0, 445.0, 445.0, 445.0, 445.0, 445.0, 445.0, 445.0, 445.0, 445.0, 445.0, 445.0, 445.0, 445.0, 445.0, 445.0, 445.0, 445.0, 445.0, 445.0, 445.0, 445.0, 445.0, 445.0, 445.0, 445.0, 445.0, 445.0, 445.0, 445.0, 445.0, 445.0, 445.0, 445.0, 445.0, 445.0, 445.0, 445.0, 445.0, 445.0, 445.0, 445.0, 445.0, 445.0, 445.0, 445.0, 445.0, 445.0, 445.0, 445.0, 445.0, 445.0, 445.0, 445.0, 445.0, 445.0, 445.0, 445.0, 445.0, 445.0, 445.0, 445.0, 445.0, 445.0, 445.0, 445.0, 445.0, 445.0, 445.0, 445.0, 445.0, 445.0, 445.0, 445.0, 445.0, 445.0, 445.0, 445.0, 445.0, 445.0, 445.0, 445.0, 445.0, 445.0, 445.0, 445.0, 445.0, 445.0, 445.0, 445.0, 445.0, 445.0, 445.0, 445.0, 445.0, 445.0, 445.0, 445.0, 445.0, 445.0, 445.0, 445.0, 445.0, 445.0, 445.0, 445.0, 445.0, 445.0, 445.0, 445.0, 445.0, 445.0, 445.0, 445.0, 445.0, 445.0, 445.0, 445.0, 445.0, 445.0, 445.0, 445.0, 445.0, 445.0, 445.0, 445.0, 445.0, 445.0, 445.0, 445.0, 445.0, 445.0, 445.0, 445.0, 445.0, 445.0, 445.0, 445.0, 445.0, 445.0, 445.0, 446.0, 446.0, 446.0, 446.0, 446.0, 446.0, 446.0, 446.0, 446.0, 446.0, 446.0, 446.0, 446.0, 446.0, 446.0, 446.0, 446.0, 446.0, 446.0, 446.0, 446.0, 446.0, 446.0, 446.0, 446.0, 446.0, 446.0, 446.0, 446.0, 446.0, 446.0, 446.0, 446.0, 446.0, 446.0, 446.0, 446.0, 446.0, 446.0, 446.0, 446.0, 446.0, 446.0, 446.0, 446.0, 446.0, 446.0, 446.0, 446.0, 446.0, 446.0, 446.0, 446.0, 446.0, 446.0, 446.0, 446.0, 446.0, 446.0, 446.0, 446.0, 446.0, 446.0, 446.0, 446.0, 446.0, 446.0, 446.0, 446.0, 446.0, 446.0, 446.0, 446.0, 446.0, 446.0, 446.0, 446.0, 446.0, 446.0, 446.0, 446.0, 446.0, 446.0, 446.0, 446.0, 446.0, 446.0, 446.0, 446.0, 446.0, 446.0, 446.0, 446.0, 446.0, 446.0, 446.0, 446.0, 446.0, 446.0, 446.0, 446.0, 446.0, 446.0, 446.0, 447.0, 447.0, 447.0, 447.0, 447.0, 447.0, 447.0, 447.0, 447.0, 447.0, 447.0, 447.0, 447.0, 447.0, 447.0, 447.0, 447.0, 447.0, 447.0, 447.0, 447.0, 447.0, 447.0, 447.0, 447.0, 447.0, 447.0, 447.0, 447.0, 447.0, 447.0, 447.0, 447.0, 447.0, 447.0, 447.0, 447.0, 447.0, 447.0, 447.0, 447.0, 447.0, 447.0, 447.0, 447.0, 447.0, 447.0, 447.0, 447.0, 447.0, 447.0, 447.0, 447.0, 447.0, 447.0, 447.0, 447.0, 447.0, 447.0, 447.0, 447.0, 447.0, 447.0, 447.0, 447.0, 447.0, 447.0, 447.0, 447.0, 447.0, 447.0, 447.0, 447.0, 447.0, 447.0, 447.0, 447.0, 447.0, 447.0, 447.0, 447.0, 447.0, 447.0, 447.0, 447.0, 447.0, 447.0, 447.0, 448.0, 448.0, 448.0, 448.0, 448.0, 448.0, 448.0, 448.0, 448.0, 448.0, 448.0, 448.0, 448.0, 448.0, 448.0, 448.0, 448.0, 448.0, 448.0, 448.0, 448.0, 448.0, 448.0, 448.0, 448.0, 448.0, 448.0, 448.0, 448.0, 448.0, 448.0, 448.0, 448.0, 448.0, 448.0, 448.0, 448.0, 448.0, 448.0, 448.0, 448.0, 448.0, 448.0, 448.0, 448.0, 448.0, 448.0, 448.0, 448.0, 448.0, 448.0, 448.0, 448.0, 448.0, 448.0, 448.0, 448.0, 448.0, 448.0, 448.0, 448.0, 448.0, 448.0, 448.0, 448.0, 448.0, 448.0, 448.0, 448.0, 448.0, 448.0, 448.0, 448.0, 448.0, 448.0, 448.0, 448.0, 448.0, 448.0, 448.0, 448.0, 448.0, 448.0, 448.0, 448.0, 448.0, 449.0, 449.0, 449.0, 449.0, 449.0, 449.0, 449.0, 449.0, 449.0, 449.0, 449.0, 449.0, 449.0, 449.0, 449.0, 449.0, 449.0, 449.0, 449.0, 449.0, 449.0, 449.0, 449.0, 449.0, 449.0, 449.0, 449.0, 449.0, 449.0, 449.0, 449.0, 449.0, 449.0, 449.0, 449.0, 449.0, 449.0, 449.0, 449.0, 449.0, 449.0, 449.0, 449.0, 449.0, 449.0, 449.0, 449.0, 449.0, 449.0, 449.0, 449.0, 449.0, 449.0, 449.0, 449.0, 449.0, 449.0, 449.0, 449.0, 449.0, 449.0, 449.0, 449.0, 449.0, 449.0, 449.0, 449.0, 449.0, 449.0, 449.0, 449.0, 449.0, 449.0, 449.0, 449.0, 449.0, 449.0, 449.0, 449.0, 449.0, 449.0, 449.0, 449.0, 449.0, 449.0, 449.0, 449.0, 449.0, 449.0, 449.0, 449.0, 449.0, 449.0, 449.0, 449.0, 449.0, 449.0, 449.0, 449.0, 450.0, 450.0, 450.0, 450.0, 450.0, 450.0, 450.0, 450.0, 450.0, 450.0, 450.0, 450.0, 450.0, 450.0, 450.0, 450.0, 450.0]
2
Player 1
[255, 0, 0]
[232, 448]
3
0
100
300
False
False
Missile
{"Missile": -1, "Heavy Missile": -1, "Volcano Bomb": 5, "Shower": 2, "Hot Shower": 2, "Nuke Shower": 1, "Kiloton Bomb": 2, "Megaton Bomb": 1, "Gigaton Bomb": 1, "Precision Air Strike": -1}
50.0
1
300
Player 2
[255, 0, 0]
[466, 446]
3
0
100
300
False
False
Missile
{"Missile": -1, "Heavy Missile": -1, "Volcano Bomb": 5, "Shower": 2, "Hot Shower": 2, "Nuke Shower": 1, "Kiloton Bomb": 2, "Megaton Bomb": 1, "Gigaton Bomb": 1, "Precision Air Strike": -1}
50.0
1
300
